1688833014160 0.1509999930858612 0
1688833015197 0.1471250057220459 1
1688833016237 0.14499999582767487 2
1688833017285 0.1459999978542328 3
1688833018368 0.1404999941587448 4
1688833019425 0.14824999868869781 5
1688833020515 0.15587499737739563 6
1688833021580 0.1782499998807907 7
1688833022639 0.19625000655651093 8
1688833023787 0.22175000607967377 9
1688833024873 0.22675000131130219 10
1688833025923 0.22550000250339508 11
1688833026944 0.22675000131130219 12
1688833027995 0.2303750067949295 13
1688833029072 0.234375 14
1688833030127 0.23649999499320984 15
1688833031177 0.23787499964237213 16
1688833032225 0.24037499725818634 17
1688833033292 0.2549999952316284 18
1688833034341 0.2667500078678131 19
