1688833014160 0.09315869957208633 0
1688833015197 0.049425821751356125 1
1688833016237 0.048383928835392 2
1688833017285 0.04826661944389343 3
1688833018368 0.04815433546900749 4
1688833019425 0.0478353388607502 5
1688833020515 0.04720956087112427 6
1688833021580 0.04596864804625511 7
1688833022639 0.0445372611284256 8
1688833023787 0.04332611337304115 9
1688833024873 0.04249795526266098 10
1688833025923 0.042049165815114975 11
1688833026944 0.041685108095407486 12
1688833027995 0.04155931994318962 13
1688833029072 0.04132905229926109 14
1688833030127 0.041215378791093826 15
1688833031177 0.041061148047447205 16
1688833032225 0.04083515703678131 17
1688833033292 0.04038176313042641 18
1688833034341 0.03966417536139488 19
