1688833417468 0.15037499368190765 0
1688833418540 0.1431249976158142 1
1688833419594 0.14912499487400055 2
1688833420617 0.1431249976158142 3
1688833421664 0.14887499809265137 4
1688833422714 0.14162500202655792 5
1688833423749 0.14749999344348907 6
1688833424800 0.16187499463558197 7
1688833425859 0.18537500500679016 8
1688833426907 0.2173749953508377 9
1688833427984 0.22849999368190765 10
1688833429042 0.2409999966621399 11
1688833430088 0.23749999701976776 12
1688833431118 0.24112500250339508 13
1688833432176 0.24387499690055847 14
1688833433202 0.23800000548362732 15
1688833434269 0.24500000476837158 16
1688833435295 0.2447499930858612 17
1688833436337 0.24937500059604645 18
1688833437397 0.25850000977516174 19
