1688833417468 0.10159875452518463 0
1688833418540 0.05054393783211708 1
1688833419594 0.04847194626927376 2
1688833420617 0.04829461872577667 3
1688833421664 0.048209547996520996 4
1688833422714 0.04804777354001999 5
1688833423749 0.04768254607915878 6
1688833424800 0.046851370483636856 7
1688833425859 0.04549325257539749 8
1688833426907 0.0441618412733078 9
1688833427984 0.04321247711777687 10
1688833429042 0.042549554258584976 11
1688833430088 0.042116791009902954 12
1688833431118 0.04188813641667366 13
1688833432176 0.04167396202683449 14
1688833433202 0.04148115590214729 15
1688833434269 0.04135497286915779 16
1688833435295 0.0411459282040596 17
1688833436337 0.04096658155322075 18
1688833437397 0.04051658883690834 19
