1688849577913 0.0 0
1688849577963 0.0 1
1688849578015 0.0 2
1688849578063 0.0 3
1688849578111 0.0 4
1688849578160 0.0 5
1688849578210 0.0 6
1688849578267 0.0 7
1688849578316 0.0 8
1688849578370 0.0 9
1688849578424 0.0 10
1688849578475 0.0 11
1688849578527 0.0 12
1688849578577 0.0 13
1688849578631 0.0 14
1688849578681 0.0 15
1688849578734 0.0 16
1688849578786 0.0 17
1688849578837 0.0 18
1688849578887 0.0 19
1688849578940 0.0 20
1688849578991 0.0 21
1688849579044 0.0 22
1688849579098 0.0 23
1688849579150 0.0 24
1688849579199 0.0 25
1688849579249 0.0 26
1688849579303 0.0 27
1688849579353 0.0 28
1688849579405 0.0 29
