1688849577913 0.21376806497573853 0
1688849577963 0.2070206105709076 1
1688849578015 0.20060476660728455 2
1688849578063 0.19462789595127106 3
1688849578111 0.18931850790977478 4
1688849578160 0.18449123203754425 5
1688849578210 0.18023620545864105 6
1688849578267 0.17645317316055298 7
1688849578316 0.17319504916667938 8
1688849578370 0.17043736577033997 9
1688849578424 0.1681394726037979 10
1688849578475 0.16625146567821503 11
1688849578527 0.16470056772232056 12
1688849578577 0.16339176893234253 13
1688849578631 0.16221919655799866 14
1688849578681 0.1610814481973648 15
1688849578734 0.15989702939987183 16
1688849578786 0.1586156189441681 17
1688849578837 0.15721744298934937 18
1688849578887 0.155709907412529 19
1688849578940 0.15411804616451263 20
1688849578991 0.15247678756713867 21
1688849579044 0.15082275867462158 22
1688849579098 0.14918875694274902 23
1688849579150 0.1476001888513565 24
1688849579199 0.14607369899749756 25
1688849579249 0.1446172297000885 26
1688849579303 0.1432311087846756 27
1688849579353 0.14190998673439026 28
1688849579405 0.1406441181898117 29
