1688849461981 0.3022499978542328 0
1688849463052 0.3623749911785126 1
1688849464151 0.37299999594688416 2
1688849465240 0.37575000524520874 3
1688849466309 0.41312500834465027 4
1688849467396 0.41350001096725464 5
1688849468446 0.4253750145435333 6
1688849469528 0.43575000762939453 7
1688849470609 0.43787500262260437 8
1688849471680 0.43974998593330383 9
1688849472754 0.44574999809265137 10
1688849473847 0.44574999809265137 11
1688849474918 0.44749999046325684 12
1688849476006 0.44725000858306885 13
1688849477092 0.45274999737739563 14
1688849478162 0.4517500102519989 15
1688849479237 0.4501250088214874 16
1688849480326 0.45249998569488525 17
1688849481404 0.44987499713897705 18
1688849482475 0.44850000739097595 19
1688849483556 0.45249998569488525 20
1688849484630 0.4477500021457672 21
1688849485704 0.44975000619888306 22
1688849486788 0.45875000953674316 23
1688849487889 0.4556249976158142 24
1688849489001 0.4543749988079071 25
1688849490080 0.45524999499320984 26
1688849491149 0.4544999897480011 27
1688849492240 0.45375001430511475 28
1688849493333 0.453249990940094 29
