1688849461981 0.09930836409330368 0
1688849463052 0.05354488268494606 1
1688849464151 0.04967052489519119 2
1688849465240 0.047616470605134964 3
1688849466309 0.027707837522029877 4
1688849467396 0.02687930129468441 5
1688849468446 0.02611810714006424 6
1688849469528 0.025373443961143494 7
1688849470609 0.024873413145542145 8
1688849471680 0.0246523879468441 9
1688849472754 0.024307986721396446 10
1688849473847 0.02406388707458973 11
1688849474918 0.023893246427178383 12
1688849476006 0.023640668019652367 13
1688849477092 0.02351231500506401 14
1688849478162 0.023523801937699318 15
1688849479237 0.02331724762916565 16
1688849480326 0.02317379042506218 17
1688849481404 0.02315235324203968 18
1688849482475 0.02312934584915638 19
1688849483556 0.02302357740700245 20
1688849484630 0.022972937673330307 21
1688849485704 0.022865379229187965 22
1688849486788 0.022848471999168396 23
1688849487889 0.02276165597140789 24
1688849489001 0.02273850329220295 25
1688849490080 0.022826574742794037 26
1688849491149 0.022645752876996994 27
1688849492240 0.02256007492542267 28
1688849493333 0.022586286067962646 29
