1688849309620 0.27900001406669617 0
1688849310686 0.3371250033378601 1
1688849311807 0.3463749885559082 2
1688849312939 0.37549999356269836 3
1688849314051 0.3882499933242798 4
1688849315138 0.3881250023841858 5
1688849316288 0.3948749899864197 6
1688849317398 0.398499995470047 7
1688849318509 0.4050000011920929 8
1688849319630 0.4047499895095825 9
1688849320748 0.4088749885559082 10
1688849321876 0.4143750071525574 11
1688849322985 0.4126250147819519 12
1688849324088 0.41712498664855957 13
1688849325190 0.4169999957084656 14
1688849326300 0.4167500138282776 15
1688849327443 0.4177500009536743 16
1688849328560 0.4137499928474426 17
1688849329668 0.4191249907016754 18
1688849330768 0.41449999809265137 19
1688849331872 0.4163750112056732 20
1688849332989 0.41499999165534973 21
1688849334094 0.41725000739097595 22
1688849335199 0.41600000858306885 23
1688849336283 0.41999998688697815 24
1688849337371 0.42100000381469727 25
1688849338519 0.421999990940094 26
1688849339656 0.4235000014305115 27
1688849340766 0.4168750047683716 28
1688849341883 0.42387500405311584 29
