1688849309620 0.13232269883155823 0
1688849310686 0.0823773592710495 1
1688849311807 0.0697297528386116 2
1688849312939 0.050209932029247284 3
1688849314051 0.04775027185678482 4
1688849315138 0.04724496603012085 5
1688849316288 0.04671364277601242 6
1688849317398 0.046337395906448364 7
1688849318509 0.04584125801920891 8
1688849319630 0.045617468655109406 9
1688849320748 0.04530780762434006 10
1688849321876 0.04511696845293045 11
1688849322985 0.044884972274303436 12
1688849324088 0.04468243569135666 13
1688849325190 0.044628094881772995 14
1688849326300 0.04451972618699074 15
1688849327443 0.04448738321661949 16
1688849328560 0.044381409883499146 17
1688849329668 0.044230468571186066 18
1688849330768 0.04414469376206398 19
1688849331872 0.04410574585199356 20
1688849332989 0.04410044476389885 21
1688849334094 0.044092584401369095 22
1688849335199 0.04398813471198082 23
1688849336283 0.04391774907708168 24
1688849337371 0.043929923325777054 25
1688849338519 0.04389626160264015 26
1688849339656 0.04385053366422653 27
1688849340766 0.04393437132239342 28
1688849341883 0.04374926909804344 29
