1688833197637 0.1472499966621399 0
1688833198717 0.14650000631809235 1
1688833199796 0.14550000429153442 2
1688833200864 0.14300000667572021 3
1688833201950 0.14374999701976776 4
1688833203002 0.1421249955892563 5
1688833204087 0.15787500143051147 6
1688833205168 0.17762500047683716 7
1688833206240 0.2056249976158142 8
1688833207298 0.22200000286102295 9
1688833208378 0.226624995470047 10
1688833209441 0.23337499797344208 11
1688833210491 0.2316250056028366 12
1688833211515 0.2356249988079071 13
1688833212591 0.2370000034570694 14
1688833213693 0.23937499523162842 15
1688833215059 0.24062499403953552 16
1688833216182 0.2436250001192093 17
1688833217348 0.24375000596046448 18
1688833218615 0.25725001096725464 19
