1688833197637 0.09660086035728455 0
1688833198717 0.04990854114294052 1
1688833199796 0.04836288467049599 2
1688833200864 0.04825552925467491 3
1688833201950 0.04803869500756264 4
1688833203002 0.0477830171585083 5
1688833204087 0.04721251502633095 6
1688833205168 0.045976847410202026 7
1688833206240 0.04453105479478836 8
1688833207298 0.04341584071516991 9
1688833208378 0.04269488900899887 10
1688833209441 0.04214179515838623 11
1688833210491 0.04184188321232796 12
1688833211515 0.04165203124284744 13
1688833212591 0.041464000940322876 14
1688833213693 0.04129599779844284 15
1688833215059 0.04118634760379791 16
1688833216182 0.04106920585036278 17
1688833217348 0.04074844345450401 18
1688833218615 0.040316805243492126 19
