1688834390560 0.148499995470047 0
1688834391609 0.15037499368190765 1
1688834392683 0.14112499356269836 2
1688834393726 0.14900000393390656 3
1688834394764 0.14675000309944153 4
1688834395809 0.14812499284744263 5
1688834396840 0.15524999797344208 6
1688834397862 0.15812499821186066 7
1688834398905 0.17149999737739563 8
1688834399964 0.1991250067949295 9
1688834400996 0.226500004529953 10
1688834402023 0.2317499965429306 11
1688834403042 0.23125000298023224 12
1688834404091 0.23375000059604645 13
1688834405131 0.24137499928474426 14
1688834406170 0.23000000417232513 15
1688834407229 0.23399999737739563 16
1688834408277 0.2371249943971634 17
1688834409319 0.23662500083446503 18
1688834410350 0.242125004529953 19
