1688834390560 0.10127158463001251 0
1688834391609 0.050596680492162704 1
1688834392683 0.04839437082409859 2
1688834393726 0.04831359162926674 3
1688834394764 0.04817498102784157 4
1688834395809 0.04813376069068909 5
1688834396840 0.047783102840185165 6
1688834397862 0.04740697890520096 7
1688834398905 0.04641105979681015 8
1688834399964 0.04494144767522812 9
1688834400996 0.04373941197991371 10
1688834402023 0.04290035367012024 11
1688834403042 0.042389046400785446 12
1688834404091 0.042064979672431946 13
1688834405131 0.04182663559913635 14
1688834406170 0.04165751487016678 15
1688834407229 0.04155800864100456 16
1688834408277 0.04143400117754936 17
1688834409319 0.04133503884077072 18
1688834410350 0.04127412289381027 19
