1688832601905 0.14124999940395355 0
1688832602961 0.14487500488758087 1
1688832604014 0.13850000500679016 2
1688832605075 0.15337499976158142 3
1688832606093 0.1418749988079071 4
1688832607165 0.14650000631809235 5
1688832608208 0.15037499368190765 6
1688832609261 0.16175000369548798 7
1688832610281 0.18725000321865082 8
1688832611304 0.2133750021457672 9
1688832612329 0.22224999964237213 10
1688832613404 0.22962500154972076 11
1688832614429 0.2318750023841858 12
1688832615469 0.23274999856948853 13
1688832616520 0.2357500046491623 14
1688832617539 0.2356249988079071 15
1688832618616 0.24112500250339508 16
1688832619650 0.23999999463558197 17
1688832620721 0.2462500035762787 18
1688832621765 0.25699999928474426 19
