1688832601905 0.10218334197998047 0
1688832602961 0.050575558096170425 1
1688832604014 0.048463236540555954 2
1688832605075 0.048306193202733994 3
1688832606093 0.04823824763298035 4
1688832607165 0.04813947528600693 5
1688832608208 0.04775821417570114 6
1688832609261 0.047065868973731995 7
1688832610281 0.045718006789684296 8
1688832611304 0.0442570336163044 9
1688832612329 0.043130069971084595 10
1688832613404 0.04242798686027527 11
1688832614429 0.04207199811935425 12
1688832615469 0.04172428697347641 13
1688832616520 0.04155709594488144 14
1688832617539 0.04141436144709587 15
1688832618616 0.04125022143125534 16
1688832619650 0.0411057248711586 17
1688832620721 0.04089576378464699 18
1688832621765 0.04050153121352196 19
