1688834472973 0.14875000715255737 0
1688834474044 0.14675000309944153 1
1688834475134 0.14800000190734863 2
1688834476196 0.14787499606609344 3
1688834477268 0.14537499845027924 4
1688834478320 0.1509999930858612 5
1688834479363 0.16099999845027924 6
1688834480431 0.18275000154972076 7
1688834481484 0.20250000059604645 8
1688834482550 0.21937499940395355 9
1688834483624 0.2251249998807907 10
1688834484711 0.23624999821186066 11
1688834485816 0.2290000021457672 12
1688834486973 0.23212499916553497 13
1688834488055 0.23600000143051147 14
1688834489109 0.23925000429153442 15
1688834490188 0.23937499523162842 16
1688834491257 0.2397499978542328 17
1688834492341 0.242249995470047 18
1688834493428 0.2473749965429306 19
