1688834472973 0.0922737866640091 0
1688834474044 0.04958797246217728 1
1688834475134 0.048438139259815216 2
1688834476196 0.0482853427529335 3
1688834477268 0.04817773401737213 4
1688834478320 0.04790684953331947 5
1688834479363 0.04728393256664276 6
1688834480431 0.0460217222571373 7
1688834481484 0.04464433342218399 8
1688834482550 0.0434669591486454 9
1688834483624 0.0426841638982296 10
1688834484711 0.042146578431129456 11
1688834485816 0.041869159787893295 12
1688834486973 0.041610948741436005 13
1688834488055 0.04146204888820648 14
1688834489109 0.04133082553744316 15
1688834490188 0.04127132147550583 16
1688834491257 0.04115080088376999 17
1688834492341 0.041071951389312744 18
1688834493428 0.04092434048652649 19
